     -9999     -9999  220  220  255
     -300      -300     0    0    0
     -260      -250   255  255  255
     -220      -220     0    0    0
     -200      -200   192  192  192
     -100       -50   220  220  255
      -50         0   102    0  119
      0.00     50.00  183   15  141
     50.00    100.00    0    0  100
    100.00    150.00    0    0  170
    150.00    200.00    0    0  255
    200.00    250.00    0  136  238
    250.00    300.00    0   80    0
    300.00    350.00    0  136    0
    350.00    400.00    0  220    0
    400.00    450.00  255  255    0
    450.00    500.00  240  190   64
    500.00    550.00  187  136    0
    550.00    600.00  122   90    3
    600.00    650.00  110    0    0
    650.00    700.00  170    0    0
    700.00   5000.00  255    0    0
