  0   5   0  95 210
  5  10   0 103 217
 10  15   0 111 223
 15  20   0 119 230
 20  25   0 129 238
 25  30   0 137 246
 30  35   0 145 252
 35  40   0 153 255
 40  45  17 161 255
 45  50  37 169 255
 50  55  61 179 255
 55  60  81 187 255
 60  65 102 195 255
 65  70 122 203 255
 70  75 146 212 255
 75  80 166 220 255
 80  85 187 228 255
 85  90 207 236 255
 90  95 227 244 255
 95 101 248 252 255
251 251   0   0   0
252 252   0   0   0
253 253   0   0   0
254 254   0   0   0
255 255   0   0   0
