255 255 255
  0   0   0
227  26  28
 51 160  44
 31 120 180
255 127   0
106  61 154
251 154 153
178 223 138
156 216 217
253 191 111
202 178 214
 90  90  90
150 150 150
188 188 188
220 220 220
240 240 240
255 255 255
255 253 253
255 252 252
255 251 251
255 250 250
255 248 248
247 255 250
255 246 247
255 245 246
255 243 245
255 242 245
255 241 244
255 239 243
255 238 243
255 237 243
255 236 243
255 234 242
255 233 242
255 232 242
255 230 242
255 229 242
255 228 243
255 227 243
255 225 243
255 224 244
255 223 244
255 222 246
255 220 246
255 219 246
255 218 247
255 216 249
255 215 249
255 214 250
255 213 251
255 211 253
254 210 255
253 209 255
251 207 255
250 206 255
248 205 255
247 204 255
245 202 255
243 201 255
241 200 255
239 198 255
237 197 255
235 196 255
233 195 255
230 193 255
229 192 255
226 191 255
224 190 255
221 188 255
218 187 255
216 186 255
212 184 255
210 183 255
207 182 255
204 181 255
201 179 255
197 178 255
194 177 255
191 175 255
188 174 255
185 173 255
181 172 255
177 170 255
173 169 255
170 169 255
167 169 255
166 170 255
165 171 255
164 172 255
162 174 255
161 176 255
160 177 255
159 180 255
157 181 255
156 183 255
155 185 255
153 188 255
152 189 255
151 192 255
150 194 255
148 197 255
147 200 255
146 202 255
144 205 255
143 207 255
142 210 255
141 213 255
139 216 255
138 219 255
137 222 255
135 226 255
134 228 255
133 232 255
132 235 255
130 239 255
129 242 255
128 246 255
127 250 255
125 254 255
124 255 251
123 255 247
121 255 243
120 255 239
119 255 234
118 255 231
116 255 226
115 255 221
114 255 217
112 255 212
111 255 208
110 255 204
109 255 199
107 255 194
106 255 189
105 255 183
103 255 178
102 255 173
101 255 168
100 255 163
 98 255 158
 97 255 152
 96 255 147
 95 255 142
 93 255 135
 92 255 130
 91 255 124
 89 255 118
 88 255 112
 87 255 106
 86 255 100
 85 255  93
 84 255  87
 83 255  83
 88 255  81
 92 255  80
 95 255  79
 99 255  78
103 255  76
108 255  75
113 255  74
117 255  72
121 255  71
126 255  70
130 255  69
135 255  67
140 255  66
145 255  65
150 255  64
155 255  62
160 255  61
165 255  60
170 255  58
175 255  57
181 255  56
186 255  55
192 255  53
198 255  52
203 255  51
209 255  49
215 255  48
221 255  47
227 255  46
233 255  44
239 255  43
245 255  42
252 255  40
255 250  39
255 244  38
255 237  37
255 231  35
255 223  34
255 217  33
255 211  32
255 203  30
255 196  29
255 189  28
255 182  26
255 175  25
255 167  24
255 160  23
255 153  21
255 145  20
255 138  19
255 130  17
255 122  16
255 115  15
255 107  14
255  98  12
255  91  11
255  82  12
255  74   8
255  66   7
255  58   6
255  49   5
255  41   3
255  32   2
255  29   2
255 255 255
255 255 255
255 255 255
255 255 255
255 255 255
255 255 255
255 255 255
255 255 255
255 255 255
255 255 255
255 255 255
255 255 255
255 255 255
255 255 255
255 255 255
255 255 255
255 255 255
255 255 255
255 255 255
255 255 255
255 255 255
255 255 255
255 255 255
255 255 255
255 255 255
255 255 255
255 255 255
255 255 255
255 255 255
255 255 255
255 255 255
255 255 255
255 255 255
255 255 255
255 255 255
255 255 255
255 255 255
255 255 255
